4 0.107292 0.883333 0.084375 0.111111
4 0.189583 0.900463 0.079167 0.123148
4 0.333073 0.748611 0.059896 0.087963
4 0.246875 0.768056 0.061458 0.078704
4 0.429427 0.648611 0.043229 0.052778
4 0.373698 0.658796 0.045312 0.049074
4 0.482031 0.579167 0.043229 0.054630
4 0.417708 0.600463 0.037500 0.052778
4 0.570052 0.625000 0.031771 0.055556
4 0.524219 0.529630 0.028646 0.044444
4 0.466927 0.553241 0.034896 0.043519
4 0.502344 0.518056 0.027604 0.036111
4 0.523698 0.491667 0.028646 0.035185
4 0.552865 0.495833 0.024479 0.032407
4 0.566406 0.473148 0.021354 0.027778
4 0.567969 0.441667 0.017188 0.022222
4 0.640365 0.356944 0.013021 0.013889
