4 0.296094 0.844583 0.076563 0.089167
4 0.229167 0.818333 0.072917 0.093333
4 0.298698 0.754167 0.069271 0.085000
4 0.370052 0.752500 0.072396 0.090000
4 0.423958 0.691667 0.050000 0.065000
4 0.461719 0.637500 0.052604 0.065000
4 0.406771 0.655000 0.046875 0.053333
4 0.354687 0.703333 0.052083 0.066667
4 0.337760 0.653333 0.115104 0.143333
4 0.454167 0.559583 0.041667 0.059167
4 0.470573 0.582917 0.034896 0.044167
4 0.493750 0.601667 0.031250 0.046667
4 0.550521 0.591667 0.029167 0.036667
4 0.598177 0.485833 0.018229 0.030000
4 0.625781 0.486667 0.023438 0.031667
4 0.357292 0.934167 0.057292 0.031667
4 0.516406 0.571667 0.028646 0.038333
4 0.509115 0.542500 0.030729 0.038333
4 0.541927 0.543750 0.026562 0.042500
4 0.506250 0.510833 0.028125 0.035000
4 0.551302 0.496667 0.024479 0.036667
4 0.542708 0.471667 0.026042 0.033333
4 0.579167 0.460000 0.020833 0.026667
4 0.572656 0.442083 0.017188 0.022500
4 0.605208 0.431667 0.017708 0.025000
4 0.593229 0.416250 0.014583 0.022500
4 0.616406 0.411250 0.014063 0.019167
4 0.602344 0.395833 0.011979 0.015000
4 0.604688 0.387500 0.011458 0.015000
4 0.623437 0.388750 0.012500 0.019167
4 0.617188 0.372500 0.010417 0.010000
4 0.596875 0.370417 0.015625 0.015833
