4 0.234115 0.848611 0.074479 0.113889
4 0.200260 0.809722 0.068229 0.097222
4 0.326562 0.755093 0.063542 0.084259
4 0.316146 0.710185 0.048958 0.066667
4 0.410417 0.667130 0.046875 0.069444
4 0.384115 0.636111 0.048438 0.064815
4 0.446094 0.621759 0.041146 0.062037
4 0.421875 0.601389 0.039583 0.050926
4 0.481250 0.579630 0.040625 0.050000
4 0.465365 0.558333 0.038021 0.048148
4 0.497656 0.521759 0.029687 0.043519
4 0.565104 0.474537 0.026042 0.039815
4 0.455208 0.772222 0.055208 0.085185
4 0.075521 0.943056 0.150000 0.113889
