4 0.185938 0.838426 0.073958 0.087963
4 0.340885 0.679630 0.049479 0.064815
4 0.259635 0.754167 0.066146 0.087963
4 0.290625 0.801852 0.068750 0.094444
4 0.300781 0.862500 0.069271 0.108333
4 0.364063 0.795833 0.061458 0.084259
4 0.351823 0.729167 0.053646 0.073148
4 0.401042 0.666204 0.047917 0.071296
4 0.453385 0.610185 0.039062 0.057407
4 0.395052 0.620833 0.050521 0.069444
4 0.583854 0.419907 0.019792 0.026852
4 0.619531 0.395370 0.011979 0.016667
4 0.604427 0.370833 0.010937 0.015741
4 0.623698 0.371759 0.010937 0.013889
4 0.619010 0.361574 0.009896 0.012037
4 0.601562 0.360185 0.010417 0.012963
