4 0.214844 0.830000 0.074479 0.093333
4 0.226562 0.744167 0.159375 0.188333
4 0.297135 0.752500 0.066146 0.081667
4 0.355729 0.762500 0.058333 0.078333
4 0.353906 0.703333 0.052604 0.068333
4 0.358594 0.644583 0.059896 0.075833
4 0.405990 0.655000 0.044271 0.050000
4 0.439583 0.677917 0.051042 0.072500
4 0.448958 0.606250 0.039583 0.047500
4 0.407292 0.605417 0.038542 0.049167
4 0.478646 0.578333 0.034375 0.041667
4 0.443750 0.564583 0.038542 0.042500
4 0.502604 0.550000 0.030208 0.040000
4 0.475781 0.538750 0.026562 0.035833
4 0.504427 0.513333 0.032813 0.035000
4 0.526042 0.521250 0.028125 0.034167
4 0.557552 0.493333 0.025521 0.035000
4 0.537240 0.478750 0.020313 0.027500
4 0.556510 0.460000 0.018229 0.020000
4 0.577083 0.462917 0.023958 0.029167
4 0.594792 0.442083 0.022917 0.025833
4 0.584896 0.426667 0.019792 0.026667
4 0.642708 0.442917 0.017708 0.020833
4 0.606250 0.425417 0.017708 0.020833
4 0.615365 0.412917 0.011979 0.014167
4 0.621875 0.400833 0.013542 0.013333
4 0.604688 0.400000 0.012500 0.015000
4 0.606250 0.382083 0.012500 0.014167
