4 0.260937 0.918519 0.119792 0.162963
4 0.270313 0.813426 0.072917 0.102778
4 0.260417 0.759722 0.061458 0.082407
4 0.391406 0.691204 0.049479 0.071296
4 0.389323 0.644907 0.044271 0.052778
4 0.444010 0.626852 0.042188 0.059259
4 0.429167 0.591667 0.046875 0.057407
4 0.478385 0.588889 0.033854 0.050000
4 0.508594 0.551389 0.030729 0.049074
4 0.530729 0.524074 0.025000 0.033333
4 0.575000 0.467130 0.033333 0.052778
4 0.657813 0.411111 0.009375 0.016667
4 0.652604 0.369907 0.010417 0.013889
4 0.046354 0.915741 0.091667 0.168519
